   1 72 1 173.0 169.0 1.0303 25 1
   2 82 0 139.0 170.0 1.1104 51 3
   3 89 1 145.0 170.0 1.0136 27 2
   4 72 1 190.0 181.0 0.9800 43 1
   5 70 0 153.0 158.5 0.9485 48 0
   6 73 1 154.5 171.0 1.0625 40 2
   7 74 1 161.5 175.0 1.0683 44 0
   8 74 1 158.2 170.5 1.0517 35 0
   9 69 0 168.0 158.5 1.1077 46 1
  10 69 0 127.0 167.5 1.0551 47 0
  11 85 0 139.0 150.0 1.0467 30 0
  12 71 1 181.2 173.5 1.1120 35 0
  13 74 0 137.0 155.5 1.2016 35 0
  14 70 0 137.0 162.5 0.9412 58 0
  15 77 1 181.0 172.0 1.1927 52 1
  16 72 1 180.5 173.0 0.8421 26 0
  17 83 1 151.5 177.5 1.1611 40 4
  18 71 1 171.0 176.5 1.2768 42 1
  19 70 1 210.0 172.5 0.7037 37 0
  20 69 0 160.0 161.0 1.1066 46 0
  21 83 1 154.0 171.0 1.1132 32 0
  22 72 1 191.0 179.0 1000.0 17 0
  23 72 1 181.0 171.4 0.9470 15 1
  24 72 0 124.0 154.0 1.0359 34 0
  25 89 0 111.0 158.0 1.1217 28 1
  26 76 1 172.5 173.5 1.0838 37 0
  27 72 1 167.0 179.0 1.1885 25 0
  28 84 1 167.0 189.5 1.4351 33 0
  29 71 1 152.5 175.0 1.3507 53 0
  30 70 1 183.5 176.5 1.2344 1000 1
  31 73 1 204.0 174.0 1.2643 40 0
  32 71 0 135.0 151.5 0.9647 38 0
  33 73 1 208.0 184.0 1.2600 56 3
  34 71 0 168.5 160.5 1.2797 40 1
  35 68 1 230.0 182.5 1.2158 38 1
  36 79 0  88.0 147.5 1.0308 38 0
  37 74 0 163.0 168.0 1.0493 38 1
  38 76 0  86.0 164.0 0.9424 44 4
  39 69 0 167.0 157.5 1.1780 40 0
  40 70 0 167.0 165.0 1.0764 60 0
  41 79 0 158.0 159.5 1.1149 42 0
  42 72 0 192.0 167.5 1.0929 33 1
  43 70 0 126.0 156.0 1.0956 43 1
  44 68 1 155.0 172.0 1.0934 1000 3
  45 70 1 239.0 182.0 1.1597 40 0
  46 84 1 146.0 180.0 1.0235 1000 1
  47 74 0 122.0 158.0 0.9932  0 0
  48 73 1 162.0 167.0 1.1053 53 0
  49 73 1 204.2 174.5 1.2333 56 0
  50 69 1 168.0 182.0 1.1491 49 0
  51 71 0 136.0 159.5 1.1387 1000 0
  52 82 1 156.0 170.0 0.6875 24 5
  53 79 1 170.0 179.5 1.1528 22 0
  54 75 1 193.5 183.0 0.7042  0 1
  55 84 0 182.0 171.5 1.1197 17 2
  56 69 1 155.0 169.0 1.1135 30 0
  57 69 1 196.0 178.0 1.2346 32 1
  58 75 0 145.5 160.0 1.1523 49 1
  59 72 0 135.0 167.5 1.0873 61 0
  60 73 1 159.0 164.0 0.9467 42 1
  61 78 0 118.0 163.5 1.1143 43 0
  62 70 0 141.0 155.0 1.0600 45 5
  63 73 1 241.0 185.0 1.1145 31 0
  64 70 1 158.5 178.5 1.0764 20 0
  65 71 1 152.0 187.5 1.0748 37 0
  66 72 0 107.0 160.5 1.1607 49 2
  67 74 0 171.0 161.0 1.0426 25 0
  68 84 1 156.0 183.5 1.1000  8 1
  69 71 1 177.0 166.5 1.1447 44 1
  70 71 1 152.0 165.0 1.0253 35 0
  71 72 0 166.0 158.0 1.1462 58 0
  72 76 0 159.0 156.5 0.9748 44 3
  73 70 0 137.0 161.0 1.0403 48 0
  74 69 1 131.0 170.5 0.8235 65 0
  75 74 0 145.0 163.5 1.2222 58 0
  76 80 1 174.0 169.0 1.0186 28 1
  77 71 0 170.0 159.5 1.2000 52 0
  78 70 1 135.0 163.5 1.0645 61 0
  79 73 1 170.5 170.0 1.0609 41 2
  80 69 0 142.0 165.0 1.1168 50 1
  81 71 1 186.0 171.0 1.2214 43 0
  82 69 0 217.0 174.5 0.9758 47 0
  83 81 1 161.0 167.0 1.0476 24 1
  84 83 0  98.0 149.0 1.0970 30 1
  85 72 1 124.0 169.0 1.1695 37 0
  86 80 1 176.0 173.0 0.9784 29 0
  87 69 1 198.0 172.5 1.0667 37 3
  88 80 1 180.5 174.0 1.1739 43 0
  89 78 0 152.0 165.0 1.0154 49 0
  90 84 1 128.0 162.0 1.3669 20 0
  91 82 0 137.0 156.5 1.0063 40 1
  92 84 1 153.5 167.0 1.1688 27 0
  93 78 0 130.0 159.0 1.0534 16 0
  94 77 0  97.0 155.0 1.1439 34 0
  95 73 1 163.0 175.5 1.1955 40 2
  96 78 0 179.0 162.4 1.2804 31 2
  97 77 1 150.0 181.5 1.4599 40 0
  98 73 0 157.0 166.0 1.2110 56 0
  99 75 1 164.5 172.0 1.3113 36 0
 100 78 0 139.0 152.0 1.2667 46 1
 101 71 0 155.0 157.5 1.1880 40 0
 102 76 1 179.0 175.0 1.1200 27 3
 103 69 1 199.5 166.5 1.1480 58 1
 104 74 1 207.5 182.5 1.0504 50 4
 105 78 0 116.0 156.0 1.1103 42 1
 106 84 0 137.0 171.0 0.8391 20 1
 107 69 0 148.0 165.0 1.1644 50 1
 108 79 0 127.0 167.0 1.2650 38 0
 109 86 1 169.0 180.5 1.3191  9 2
 110 75 1 206.0 173.5 1.2403 38 0
 111 82 0 128.0 160.0 1.0123 32 1
 112 71 0 125.0 154.5 1.1866 44 1
 113 76 0 168.0 173.5 0.7296 15 1
 114 70 1 159.0 177.5 1.2523 53 0
 115 69 0 184.0 162.5 1.1384 41 0
 116 75 0 127.0 150.5 0.6631 41 0
 117 69 1 167.0 171.5 1.1834 36 1
 118 71 0 136.0 165.0 1.1560 38 1
 119 74 1 147.0 175.0 1000.0 34 1
 120 72 0 175.5 177.5 1.3495 36 0
 121 71 0 156.5 159.5 1.2183 63 0
 122 81 1 148.5 175.0 0.7500 52 0
 123 69 1 169.0 178.5 1.3481 50 0
 124 73 1 184.0 185.0 0.9742 45 0
 125 74 1 176.0 182.0 1.0942 40 1
 126 79 1 194.0 181.5 1.1419 22 0
 127 77 1 186.0 173.5 0.6596 1000 0
 128 82 1 157.0 167.5 1.1200 24 0
 129 72 1 172.0 184.0 1.3245 37 0
 130 78 1 213.0 167.2 0.8452 50 0
 131 79 1 193.0 176.5 1.2583 37 0
 132 68 1 174.0 179.0 1.0630 37 0
 133 78 1 183.0 183.5 1.1553 31 0
 134 73 1 171.0 182.5 1.0472 21 0
 135 70 1 182.0 176.0 1.2917 35 4
 136 75 0 161.0 160.0 1.0748 59 1
 137 68 1 182.0 183.0 1.1986 53 0
 138 67 1 202.0 173.0 1.1444 23 1
 139 84 1 130.0 165.0 0.7377 34 1
 140 79 0 126.0 158.5 1.0520 32 0
 141 67 0 222.0 162.5 1.0504 45 0
 142 70 1 171.0 178.5 1.0164 27 1
 143 84 0 109.0 157.5 0.9290 35 0
 144 72 1 170.0 169.5 0.4605 29 0
 145 76 0 132.0 162.0 1.0940 42 0
 146 69 0 134.0 167.5 1.1176 50 0
 147 73 1 181.0 174.5 1.1959 40 0
 148 85 0 154.0 161.6 0.9441 47 0
 149 77 0 166.0 157.3 1000.0 37 0
 150 78 1 159.0 170.2 1.0219 53 0
 151 68 0 162.0 164.2 1.0400 40 0
 152 69 1 199.0 175.3 1.0759 45 0
 153 70 0 141.7 156.0 1000.0 31 0
 154 69 0 160.0 165.9 1.1172 60 0
 155 76 0  96.0 158.4 1.1120 55 0
 156 70 0 146.0 170.7 1.0577 52 0
 157 75 0 147.0 164.4 1.1333 40 0
 158 68 1 194.0 176.4 1.1120 18 0
 159 69 0 138.0 160.0 1.0845 55 0
 160 70 0 135.0 154.1 1.1357 59 0
 161 80 0 137.0 159.3 0.5872 40 0
 162 73 1 140.0 175.2 1.1711 38 0
 163 79 0 102.0 163.6 1.0960 49 0
 164 73 0 154.0 162.0 1.0000 43 0
 165 89 1 157.0 174.5 1.0078 1000 1
 166 75 1 192.0 181.2 1.0929 44 0
 167 69 1 215.0 179.2 1.1772 54 0
 168 72 1 144.0 171.2 1.3050 49 0
 169 69 0 176.0 159.5 1.0821 62 0
 170 70 0 118.0 155.3 1.1736 53 0
 171 81 0 154.0 165.1 1.0000 18 1
 172 76 1 167.0 176.3 1.0075 32 0
 173 69 1 200.0 177.8 1.3141 54 0
 174 70 0 128.0 164.1 1.0131 29 0
 175 75 1 188.0 173.8 1.1037 20 2
 176 79 0 138.0 153.9 1.0258 35 1
 177 74 1 176.0 172.2 1.1869 35 0
 178 70 1 195.0 169.0 1.1643 43 0
 179 88 1 196.0 165.8 0.9769 51 1
 180 74 0 130.0 159.7 1.1446 36 1
 181 80 0 141.0 162.1 1.1016 39 0
 182 97 1 116.0 161.0 0.9167 10 1
 183 73 1 244.0 176.2 1.1250 50 0
 184 75 1 184.0 176.0 1.1940 58 0
 185 79 0 162.0 168.0 1.1416 50 0
 186 90 1 204.0 181.1 0.7962 26 0
 187 77 0 136.0 164.4 0.3171 59 1
 188 80 0 136.0 154.6 1.0758 31 0
 189 79 0 104.0 156.5 0.8833 45 0
 190 69 0 160.0 160.4 0.6918 41 1
 191 73 0 137.0 160.2 0.8760 51 0
 192 88 0 131.0 164.9 1.0633 41 0
 193 71 1 171.0 173.0 1.2194 53 3
 194 76 0 126.0 161.0 1.0244 54 0
 195 77 0 189.0 162.0 1.2261 40 2
 196 77 0 112.0 154.6 1.1127 29 2
 197 89 1 191.0 176.9 1.2500 33 0
 198 82 0 141.0 157.0 0.9312 15 0
 199 80 0 152.0 159.7 1.0152 43 0
 200 69 0 132.0 166.4 1.0253 52 2
 201 88 0 136.0 158.3 0.9752 32 0
 202 76 0 129.0 159.1 0.9744 44 0
 203 72 1 202.0 176.5 1.1597 67 0
 204 78 0 123.0 150.4 0.9922 35 0
 205 70 0 183.0 161.7 0.9433 32 0
 206 70 0 187.0 164.3 1.0872 55 0
 207 78 0 121.0 161.3 1.0210 49 0
 208 69 0 132.0 147.3 1.1630 34 1
 209 73 1 195.0 177.6 1.2013 73 0
 210 89 1 132.0 172.1 1.3636 17 0
 211 88 0 150.0 164.8 0.8438 19 0
 212 85 0 156.0 150.6 0.9839 36 1
 213 71 1 222.0 171.6 1.0993 49 2
 214 87 1 163.0 167.7 1.0916 1000 0
 215 79 1 146.0 162.0 1.0699 32 4
 216 72 1 181.0 168.4 0.5155 37 1
 217 72 0 122.0 154.9 1.1885 66 0
 218 69 0 157.0 168.4 1.1895 66 0
 219 70 0 150.0 166.6 1.1120 56 0
 220 69 1 250.0 181.8 1.2397 65 0
 221 71 0 153.0 165.0 1.1149 43 3
 222 70 1 164.0 169.5 1.2071 42 0
 223 70 0 117.0 160.4 1.0781 43 0
 224 72 0 169.0 155.3 1.1020 37 0
 225 80 0 124.0 151.1 1.0451 60 2
 226 86 1 158.0 176.8 0.8343 18 2
 227 93 1 139.0 163.1 0.8674 30 0
 228 80 0 167.0 155.6 1.0753 27 1
 229 77 1 168.0 168.6 1.1761 41 0
 230 82 0 113.0 158.0 1.1185 29 0
 231 77 0 162.0 157.8 0.9938 39 2
 232 85 1 200.0 177.2 1.0775 47 2
 233 71 0 224.0 156.1 1.0600 45 0
 234 72 1 207.0 177.9 1.2143 55 0
 235 77 0 132.0 168.6 1.0548 42 4
 236 77 0 133.0 158.0 1.0897 82 0
 237 91 0 152.0 157.6 1.0067 38 2
 238 68 0 160.0 155.6 0.6516 45 0
 239 73 0 224.0 164.6 1.2000 48 0
 240 69 0 137.0 150.9 0.7417 54 2
 241 74 0 173.0 155.4 1.3178 39 0
 242 72 0 194.0 162.9 1.1969 53 0
 243 79 0 140.0 144.8 0.8532 31 0
 244 69 0 166.0 171.8 1.2479 65 0
 245 76 0 180.0 158.1 1.1307 35 3
 246 69 0 168.0 161.5 1.1639 54 0
 247 71 1 227.0 181.2 1.0186 48 4
 248 69 0 162.0 165.1 1.1121 55 0
 249 74 0  74.0 147.2 1.0966 40 0
 250 80 0 165.0 163.7 1.2222 31 0
 251 71 1 179.0 176.7 1.0576 42 0
 252 72 1 223.0 183.1 1.0724 49 0
 253 81 0 123.0 154.9 1.1322 45 0
 254 70 0 151.0 158.5 1000.0 36 0
 255 86 0 139.0 150.6 1.0580 23 0
 256 87 0 126.0 160.0 0.7357 40 2
 257 74 1 157.0 162.0 1.1111 33 0
 258 79 1 218.0 177.3 1.1429 41 0
 259 80 0 116.0 146.9 1.0303 39 0
 260 79 1 163.0 171.5 1.0813 19 3
 261 77 0 146.0 160.5 0.9936 15 0
 262 69 0 160.0 159.7 1.0647 58 0
 263 70 1 209.0 170.6 1.1752 32 0
 264 74 0 150.0 158.6 1.1833 45 3
 265 83 0 154.0 160.0 1.2051 43 0
 266 85 0 130.0 157.4 1.0722 27 0
 267 86 1 186.0 166.5 0.4211 19 1
 268 73 1 140.0 168.3 1.1761 46 1
 269 70 1 177.0 172.3 1.1984 54 0
 270 68 0 164.0 160.3 1.2074 51 0
 271 69 0 166.0 169.8 0.9923 40 0
 272 69 0 130.0 150.8 1.0116 40 0
 273 87 0 126.0 152.9 0.9310 20 0
 274 77 0 136.0 159.5 1.1864 27 0
 275 79 1 154.0 177.2 1.0128 32 0
 276 69 1 167.0 174.2 1.0000 38 0
 277 75 0 113.0 153.6 1.0000 12 0
 278 68 0 231.0 160.2 1.1552 55 0
 279 76 1 238.0 190.5 1.1339 48 1
 280 81 1 191.0 171.3 1.2881 32 0
 281 72 0 144.0 160.5 1.1444 57 0
 282 68 1 209.0 188.3 1.2336 52 3
 283 74 0 124.0 159.7 0.9402 28 0
 284 74 1 197.0 183.8 1.1250 36 0
 285 73 1 189.0 177.3 1.1950 51 0
 286 73 1 173.0 167.7 1.2835 44 0
 287 71 1 185.0 184.1 0.9426 40 0
 288 76 0 135.0 153.5 1.0265 34 2
 289 73 1 191.0 174.0 0.7525 40 2
 290 69 0 146.0 155.5 0.8735 52 0
 291 73 0  96.0 155.0 0.5664 37 2
 292 82 0 121.5 157.0 0.8182 28 1
 293 69 1 137.0 169.0 1.3091 38 0
 294 71 0 191.0 157.0 0.8552 56 0
 295 71 0 173.0 162.8 0.9576 43 0
 296 70 1 154.0 169.5 1.0676 45 2
 297 72 1 151.0 165.0 1.1261 34 0
 298 69 0 257.0 159.0 1.2342 40 1
 299 71 1 175.0 170.0 1.4058 45 0
 300 69 1 110.0 166.0 0.8659 10 0
 301 73 1 177.0 174.0 1.2522 35 0
 302 82 0 153.0 158.5 1.0781 25 0
 303 79 1 144.0 166.0 1.1243 26 2
 304 71 0 108.5 140.5 0.8777 26 0
 305 73 0 156.0 156.2 1.0563 48 3
 306 75 1 183.0 169.5 0.7348 33 0
 307 70 1 190.5 175.5 1.0126 24 1
 308 72 0 192.0 162.4 1.1439 58 0
 309 75 1 199.0 172.5 1.2200 39 0
 310 72 0 126.0 151.5 0.9071 28 1
 311 69 1 194.0 178.5 0.9304 54 0
 312 69 1 161.5 185.0 1.0658 64 0
 313 68 0 112.0 155.5 1.4455 52 0
 314 92 0 107.0 155.5 1.0412 39 3
 315 72 1 153.0 172.0 1.0650 27 0
 316 73 0 150.0 152.0 1.0992 41 0
 317 81 1 176.0 179.0 1.0330 45 1
 318 78 1 124.0 166.4 1.1405 46 1
 319 76 0 109.0 142.0 1.0915 31 1
 320 71 1 173.0 171.0 1.0526 31 0
 321 85 0 102.0 151.0 1.1163 28 0
 322 76 0 114.0 166.5 1.2783 30 0
 323 72 1 171.0 169.0 1.0000 50 0
 324 68 1 158.0 168.5 0.9683 46 0
 325 73 1 216.0 181.0 0.7609 40 0
 326 78 0 114.0 152.5 1.0213 39 0
 327 76 0 111.0 157.0 1.0209 36 1
 328 74 0 147.0 161.0 1.0537 43 0
 329 70 1 226.0 180.0 1.2137 39 0
 330 69 1 164.0 173.5 1.1210 39 0
 331 76 0 128.0 152.0 1.2074 27 0
 332 69 1 226.0 168.0 1.0245 14 0
 333 71 0 158.0 159.0 1.0331 40 0
 334 81 0 112.0 156.0 1.0000 20 1
 335 70 1 264.0 172.0 1.7111 18 1
 336 69 0 178.0 156.5 1.1234 24 3
 337 77 1 212.0 188.0 1.1525 27 0
 338 69 0 127.0 161.5 1.0945 38 1
 339 73 0 152.5 158.0 0.9520 50 0
 340 71 1 194.0 171.0 1.3824 56 0
 341 73 1 182.0 184.0 1.2025 40 0
 342 70 0 166.0 175.4 0.9847 70 0
 343 75 1 168.0 177.5 1.1157 49 0
 344 70 0 150.0 155.5 1.0062 33 0
 345 80 0 122.0 170.0 1.2095 21 2
 346 81 0 106.0 162.0 1.0888 28 1
 347 75 0 129.0 157.5 1.0815 48 3
 348 81 0 165.0 157.0 0.9410 58 1
 349 85 1 144.5 180.5 1.2336 25 0
 350 75 0 121.0 169.0 1.0435 38 0
 351 79 0 125.0 151.0 1.0388 31 0
 352 76 0 131.0 152.4 1.2164 41 0
 353 70 1 185.0 174.5 1.3421 40 1
 354 77 1 208.0 167.5 1.2326 36 0
 355 70 1 180.0 179.0 1.2419 65 0
 356 92 1 170.0 170.4 1.1045 28 2
 357 70 0 140.0 157.0 0.9776 52 0
 358 73 0 113.0 150.0 1.0857 50 0
 359 70 0 141.0 154.5 1.1630 34 0
 360 84 0 149.5 158.0 1.1242 32 0
 361 72 0 160.0 158.5 1.2014 36 0
 362 68 1 168.0 166.0 1.2519 20 1
 363 69 0 145.0 157.0 1.0368 39 0
 364 77 0 103.0 156.0 1.0410 60 0
 365 69 1 159.0 163.4 1.2167 21 1
 366 83 0 119.0 147.0 1.2778 34 1
 367 69 1 154.0 182.5 1.2824 65 0
 368 75 1 149.0 168.0 1.0238 44 0
 369 76 1 139.0 170.0 1.6316 36 3
 370 72 0 133.0 155.0 1.0945 49 0
 371 72 0 145.0 153.5 0.4610 17 1
 372 82 1 127.0 162.0 1.1411 40 0
 373 72 0 195.0 164.5 1.0816 51 0
 374 75 1 184.5 172.0 1.1845 38 2
 375 73 0 131.0 156.0 1.0612 22 3
 376 87 0 149.0 152.5 0.9518 35 0
 377 72 0 150.5 167.5 1.1680 60 0
 378 80 0 163.0 166.0 1.1053 45 0
 379 75 0 127.0 159.5 0.6758 32 0
 380 77 1 175.5 174.0 1.1769 26 0
 381 75 1 174.0 169.5 1.0272 42 0
 382 70 1 158.0 168.5 0.9867 31 1
 383 78 0 137.0 160.0 1.1129 37 1
 384 73 0 186.5 158.5 1.2017 45 0
 385 78 1 169.0 174.8 1.1912 53 1
 386 73 0 129.0 163.0 0.8882 50 4
 387 69 0 107.0 157.0 1.0946 65 0
 388 72 1 153.0 181.5 1.0268 56 0
 389 83 0 143.0 151.5 0.8355 35 1
 390 73 0 122.5 148.0 1.0752 40 1
 391 72 1 118.5 181.5 1.0536 40 0
 392 77 0 140.0 152.0 1.0411 55 0
 393 69 1 229.0 189.5 1.2462 32 0
 394 77 0 126.0 149.8 0.8442 44 0
 395 76 0 184.0 165.5 1.1419 26 0
 396 77 0 136.5 153.0 1.0147 42 0
 397 73 1 202.2 175.8 1.1484 36 0
 398 71 0 190.0 159.5 1.2166 41 0
 399 79 0 137.0 157.5 1.0547 42 0
 400 71 1 192.0 169.5 1.1951 47 0
 401 73 0 158.0 160.0 1.0310 33 0
 402 73 1 222.0 167.2 1.1181 37 0
 403 69 1 242.0 179.0 1.2727 47 0
 404 68 0 138.5 157.2 1.0511 36 3
 405 79 0 118.0 162.5 1.0969 50 0
 406 80 1 177.0 166.5 0.8099 47 0
 407 80 0 158.5 160.0 1.0545 39 4
 408 71 1 221.0 174.0 1.1327 32 0
 409 75 0 152.0 164.5 0.7823 26 1
 410 75 0 150.0 163.0 0.8808 37 0
 411 78 1 192.0 167.0 0.9724 53 0
 412 78 1 181.0 177.0 1.0146 45 0
 413 76 1 186.0 171.0 0.9133 30 1
 414 71 0 148.5 153.5 0.6218 40 1
 415 70 0 166.0 157.0 1.2547 58 1
 416 69 1 164.0 183.0 1.0362 47 0
 417 80 0 107.0 157.0 1.0370 30 1
 418 69 0 160.0 159.0 1.0244 32 0
 419 69 0 157.0 158.8 1.1121 41 0
 420 70 1 185.0 164.0 1.1079 64 1
 421 76 0 145.0 160.0 1.0000 47 0
 422 69 0 150.0 157.8 1.1709 44 0
 423 72 0 146.0 157.0 1.1049 40 0
 424 72 0 183.0 164.0 0.9720 48 0
 425 77 1 167.0 168.5 1.1960 39 0
 426 69 0 225.0 148.0 1.2202 43 0
 427 71 1 152.0 168.0 1.0556 37 1
 428 82 1 169.0 174.5 1.0357 1000 3
 429 69 1 189.0 181.4 1.0823 52 1
 430 83 1 111.5 168.0 0.9661 31 0
 431 72 1 151.0 168.5 1.2138 35 1
 432 70 0 138.0 160.0 1.1016 61 0
 433 71 1 146.0 174.0 1.1757 50 1
 434 82 0 130.0 156.5 1.0395 37 0
 435 84 1 151.0 168.5 1.2222 45 1
 436 72 0 154.2 162.0 1.0955 42 0
 437 73 0 183.0 150.5 1.3115 37 1
 438 75 0 200.0 159.5 1000.0 36 2
 439 70 0 142.0 167.0 1.2569 68 0
 440 74 1 178.0 172.5 1.0682 30 0
 441 88 1 139.5 162.0 0.7665 25 0
 442 77 1 177.0 174.5 1.4410 21 0
 443 72 0 150.0 155.5 0.9255 32 0
 444 78 0 146.5 161.8 1.0331 38 0
 445 70 1 165.0 160.8 1.1681 24 0
 446 83 0 153.0 153.6 1.2520 17 2
 447 70 1 202.0 165.0 1.1475 31 0
 448 73 1 161.0 164.0 1.2014 40 0
 449 74 1 204.0 180.5 0.9790 43 0
 450 69 1 164.0 169.5 1.1286 49 0
 451 69 0 147.0 163.5 1.1135 48 2
 452 69 0 136.0 155.0 1.1955 48 0
 453 73 1 162.0 171.5 1.0921 34 0
 454 77 1 160.5 161.4 0.7125 45 0
 455 81 1 195.5 172.5 0.4545 20 2
 456 71 1 167.5 172.0 1.0784 34 0
 457 68 0 158.0 157.0 1.0727 34 5
 458 73 1 143.0 158.0 1.0690 41 0
 459 76 0 136.0 139.0 1.0847 25 0
 460 78 1 178.0 161.5 1.2425 22 3
 461 78 1 196.0 174.0 0.7386 12 3
 462 70 1 161.0 171.0 1.0824 46 2
 463 78 0 128.0 169.0 1.0503 31 1
 464 68 1 150.0 176.0 1.1217 41 0
 465 77 1 173.0 173.5 1.0662 32 1
 466 77 1 145.0 165.6 0.6588 26 2
 467 78 1 258.0 168.0 1.0611 25 0
 468 73 0 122.0 164.0 1.1719 48 0
 469 70 0 169.0 162.0 1.1168 50 0
 470 73 0 126.0 155.0 1.1405 28 0
 471 79 1 176.0 177.0 0.5731 24 1
 472 78 1 167.5 175.0 1.1407 53 4
 473 77 1 197.0 175.0 1.0584 1000 1
 474 75 1 220.5 174.0 0.7252 29 0
 475 71 0 178.0 167.0 1.0000 46 0
 476 73 1 236.0 174.0 1.0857 42 1
 477 74 1 182.5 174.6 1.0299 41 0
 478 83 1 133.0 169.5 1.0543 30 0
 479 76 1 156.0 161.0 1.0949 48 1
 480 75 0 200.0 152.5 1.0481 64 1
 481 69 0 129.0 155.0 1.0654 50 0
 482 83 0 121.0 141.0 1.1181 53 4
 483 74 0 149.0 160.5 1.1898 40 0
 484 76 0 174.0 158.5 1.1176 40 1
 485 80 1 199.0 170.2 1.1210 41 1
 486 75 1 167.0 172.0 1.0336 44 2
 487 75 1 190.0 175.5 1.1032 17 0
 488 77 1 233.0 188.0 1.1940 53 0
 489 81 0 176.0 162.0 1000.0 26 1
 490 74 1 140.0 171.5 1.0548 26 2
 491 71 1 165.0 173.0 0.9071 47 1
 492 72 0 166.0 161.5 1.0448 31 0
 493 75 1 216.0 172.5 1.1957 19 0
 494 77 1 208.0 169.0 1.0845 46 0
 495 77 1 141.0 164.5 0.9147 46 1
 496 72 1 182.0 173.0 1.2762 57 0
 497 74 1 182.0 176.0 1.2804 58 0
 498 73 0 150.0 151.0 0.9653 17 0
 499 69 0 126.0 162.0 1.3519 69 1
 500 72 0 107.0 148.5 0.8880 54 0
 501 71 0 141.0 162.0 1.0909 33 0
 502 69 1 178.0 175.5 1.0708 43 0
 503 69 1 152.0 177.0 1.0265 45 2
 504 69 1 184.0 167.1 0.9067 42 3
 505 71 1 205.0 183.0 0.8015 50 0
 506 72 0 130.0 156.0 1.2564 25 0
 507 75 0 160.0 153.0 1.0240 48 0
 508 71 0 192.0 156.0 1.2143 36 0
 509 72 1 215.0 170.5 0.7532 33 2
 510 73 1 158.0 172.0 1.0743 49 0
 511 74 1 193.0 177.5 0.5455 59 3
 512 71 1 228.0 184.0 1.4390 60 0
 513 84 1 118.0 157.0 1.0145 37 2
 514 69 1 172.0 178.0 1.2203 48 0
 515 68 1 195.0 183.0 1.3860 50 0
 516 79 1 169.0 179.5 1.3089 43 0
 517 72 1 149.0 180.5 1.1282 52 0
 518 78 1 160.0 175.5 1.1339 40 0
 519 77 0 172.5 162.0 1.1780 48 0
 520 79 1 153.0 175.0 1.1983 34 0
 521 72 0 127.0 159.0 1.1261 52 2
 522 78 1 138.0 163.0 1.2927 30 1
 523 81 0 111.0 154.0 1.1048 33 0
 524 83 0 148.0 154.0 1.1679 44 1
 525 72 1 156.0 162.5 1.0824 26 1
 526 74 1 176.0 173.5 1000.0 44 0
 527 74 1 203.0 169.0 1.1844 43 0
 528 83 1 157.0 159.0 1.0719 32 1
 529 78 0 118.0 156.0 1.1441 41 0
 530 75 0 138.5 154.0 1.2319 63 1
 531 73 1 153.0 172.5 1.2353 60 0
 532 70 0 135.5 147.0 1.1618 28 0
 533 74 0 190.0 168.0 1.0068 32 0
 534 80 1 216.0 164.0 1.3171 43 1
 535 74 1 176.0 169.0 1.2690 44 1
 536 73 0 117.0 149.5 1.1579 36 3
 537 71 1 159.5 169.0 0.7908 37 1
 538 72 0 180.0 158.0 0.6832 47 2
 539 72 1 162.0 162.5 1.1143 41 0
 540 71 0 172.0 158.5 1.2816 43 1
 541 80 1 177.0 181.0 0.8031 40 1
 542 72 0 243.0 168.0 1.2769 58 2
 543 68 1 139.0 182.5 1.1567 68 0
 544 69 0 245.0 166.5 1.3101 58 0
 545 68 1 158.0 171.5 1.0652 28 2
 546 75 1 148.0 174.5 1.2575 47 1
 547 75 1 180.5 187.1 1.1648 30 0
 548 81 0 114.0 151.0 0.9862 21 3
 549 80 0 127.5 160.5 1.1168 42 0
 550 80 0 127.0 150.1 1.0192 42 0
 551 73 1 212.0 167.5 1.1944 38 0
 552 70 1 149.0 170.5 1.2281 48 1
 553 81 0 108.0 148.5 1.0526 40 0
 554 78 1 158.0 162.0 1.2621 64 0
 555 69 1 228.0 182.0 1.2222 40 0
 556 71 1 205.0 174.0 1.1899 50 1
 557 79 0 109.0 148.0 1.2937 38 0
 558 78 1 148.0 169.5 0.9683 28 0
 559 73 0 146.0 154.0 0.8534 39 1
 560 71 1 131.0 167.0 1.1528 56 0
 561 72 0 165.0 149.0 1.3139 34 3
 562 77 1 182.0 176.5 1.2941 52 0
 563 75 0 170.0 157.5 1.5285 81 0
 564 72 0 120.5 158.5 1.5730 56 1
 565 75 1 150.0 164.0 0.9677 58 0
 566 76 0 122.0 150.0 1.4470 54 0
 567 75 0 140.0 152.0 0.8844 51 0
 568 73 0 206.0 158.0 0.5486 35 4
 569 79 0 102.5 156.0 1.5556 49 0
 570 79 1 159.0 178.0 1.3636 26 0
 571 69 0  97.0 155.0 1.7284 48 0
 572 71 0 206.5 159.5 1.3391 58 2
 573 86 1 195.0 173.0 1.1538 15 0
 574 76 1 168.0 165.0 0.8671 71 0
 575 74 0 163.0 170.0 1.2846 40 1
 576 74 0 166.0 158.0 1.1550 51 2
 577 72 0 131.0 153.5 1.0840 37 0
 578 71 0 161.0 158.0 1.2119 56 0
 579 70 1 182.0 176.5 1.0960 53 0
 580 76 1 155.0 178.0 1.1429 41 0
 581 69 1 129.0 174.5 1.0915 26 2
 582 75 1 204.5 171.0 1.2846 45 0
 583 71 0 111.5 154.0 1.1682 60 0
 584 86 1 162.0 170.0 1.0534 18 1
 585 71 1 174.5 180.0 1.2444 40 4
 586 72 1 142.0 172.5 0.6270 26 0
 587 90 1 148.0 172.0 0.7466 1000 1
 588 74 1 181.0 178.0 1.2810 59 0
 589 71 0 108.0 147.0 1.2637 52 0
 590 72 0 138.0 156.3 1.2069 59 2
 591 70 0 123.0 152.0 1.2029 16 0
 592 78 1 156.0 167.0 1.0385 26 0
 593 74 1 151.0 161.0 1.2258 37 2
 594 78 1 228.0 178.0 1.4623 40 1
 595 75 0 137.0 160.5 1.2545 31 0
 596 71 0 117.0 162.5 1.3607 58 0
 597 69 1 189.0 173.0 1.1053 27 0
 598 71 0 200.0 157.5 1.1304 61 0
 599 70 0 104.0 158.0 1.4182 40 0
 600 73 0 147.0 162.5 1.0345 43 1
 601 72 0 154.0 159.5 1.1831 26 0
 602 72 0 148.0 156.0 1.3485 40 0
 603 72 1 167.0 185.0 0.7578 27 2
 604 72 0 143.0 156.0 1.3482 55 1
 605 72 1 192.5 177.0 1.4462 56 0
 606 77 0 124.0 153.0 1.1860 39 1
 607 79 1 149.0 177.5 1.3125 38 0
 608 78 1 184.0 174.5 1.1493 40 0
 609 73 1 147.0 170.5 1.2358 50 1
 610 80 1 183.5 171.0 1000.0 24 0
 611 86 1 140.0 175.5 0.8151 27 0
 612 69 1 153.0 171.5 1.2014 56 0
 613 72 0 143.5 163.0 1.1456 44 0
 614 73 1 180.0 172.0 1.3400 41 0
 615 74 1 186.0 169.0 1.2797 53 2
 616 70 1 168.5 171.5 1.2248 53 1
 617 72 0 221.0 162.5 1.3878 45 0
 618 70 0 150.0 165.0 1.0938 40 1
 619 84 0 101.0 142.0 1.0422 1000 0
 620 69 0 156.0 164.0 1.3143 43 0
 621 73 1 162.0 174.5 0.6463 41 0
 622 71 1 148.0 178.5 1.1780 68 0
 623 73 1 149.0 170.0 1.0714 46 1
 624 70 1 150.0 166.0 1.1942 51 1
 625 70 0 138.5 157.0 1.4314 42 0
 626 72 0 149.0 156.5 1.2222 61 0
 627 70 0 208.0 167.0 1.2295 47 0
 628 69 0 160.0 160.0 1.2957 74 0
 629 77 0 202.0 160.0 1.0849 27 1
 630 81 1 166.0 173.0 1.3492 37 1
 631 70 1 156.5 168.5 1.6522 60 0
 632 71 0 172.0 156.0 1.1360 73 0
 633 71 0 179.0 160.0 1.1232 70 0
 634 70 1 147.0 177.5 0.8011 49 2
 635 71 1 198.5 178.5 1.2692 60 0
 636 77 1 155.0 167.5 1.1579 42 1
 637 69 1 184.5 175.7 1.1570 56 0
 638 70 0 140.0 143.0 1.0461 33 0
 639 79 0 143.5 156.0 1.3063 30 1
 640 78 1 163.0 169.0 1.4724 37 0
 641 71 1 178.5 165.5 1.4912 55 0
 642 79 1 130.5 168.0 0.7568 30 3
 643 73 0 160.0 158.5 0.8803 42 0
 644 80 0 129.0 159.0 1.1449 33 0
 645 70 0 140.0 167.0 1.2059 43 0
 646 72 1 167.0 176.0 1.1953 47 0
 647 75 1 151.0 173.5 1.3712 40 0
 648 81 0 131.5 149.5 0.5959 26 1
 649 69 1 150.0 166.5 1.5347 34 1
 650 82 1 141.0 167.0 1.0312 31 0
 651 68 0 191.0 158.0 1.2430 47 0
 652 70 1 122.0 168.0 1.1026 49 0
 653 80 0 143.0 157.0 1.3861 31 1
 654 74 1 151.5 174.0 1.1857 34 0
 655 78 1 142.0 158.0 1.0556 39 0
 656 72 0 125.0 151.0 1.2606 28 1
 657 80 1 152.0 171.5 0.9379 39 1
 658 71 1 167.0 169.0 1.3967 35 1
 659 70 1 177.0 164.5 0.9116 41 3
 660 72 0 128.5 149.5 1.2296 33 2
 661 72 1 201.0 177.0 1.3571 29 1
 662 73 1 174.5 179.0 1.3723 42 0
 663 70 1 149.5 170.0 1.4455 46 0
 664 74 0 181.5 152.0 1.2214 48 1
 665 78 1 172.5 166.0 1.0943 40 0
 666 79 1 171.0 185.0 0.9148 32 3
 667 68 1 137.0 175.0 1.5000 58 0
 668 75 0 108.0 151.5 1.2596 38 2
 669 70 0 161.0 173.0 0.9077 64 1
 670 70 0 151.5 161.0 1.2544 63 0
 671 80 1 174.0 162.0 1.1471 28 2
 672 76 1 146.0 163.0 1.0949 29 1
 673 71 1 156.0 176.5 1.3440 50 0
 674 75 1 154.0 160.0 1.1929 61 0
 675 68 0 253.0 169.5 1.1849 56 0
 676 71 0 165.0 173.0 1.1622 70 0
 677 70 0 155.0 154.0 1.0847 53 0
 678 72 1 207.0 173.5 1.3231 34 0
 679 72 0 132.0 146.0 1.1308 60 0
 680 70 0 183.0 156.5 1.1653 26 1
 681 71 1 164.0 159.0 1.2857 45 0
 682 78 1 152.0 169.0 1.1407 31 0
 683 76 0 116.0 158.0 1.2500 48 1
 684 78 0 111.0 168.5 0.6592 33 0
 685 70 0 186.0 175.5 1.2667 54 0
 686 73 0 151.0 149.5 1.1053 46 0
 687 75 1 164.0 165.0 1.3361 36 0
 688 71 0 142.0 172.0 1.1304 41 0
 689 69 1 161.5 178.5 1.2555 49 1
 690 79 1 160.0 160.0 1.1056 37 1
 691 69 0 150.0 167.0 1.2353 63 0
 692 79 0 161.5 161.5 1.0192 52 2
 693 70 0 142.0 166.0 1.0684 53 2
 694 82 0 162.0 155.0 0.9627 25 1
 695 81 1 160.5 182.0 1.0452 44 3
 696 71 0 192.0 157.0 1.0922 24 0
 697 74 0 134.0 161.0 0.8264 68 0
 698 73 1 188.0 187.0 1.2353 53 0
 699 70 0 171.0 171.0 1.3333 42 1
 700 71 0 120.0 158.0 1.2113 62 0
 701 73 0 126.0 169.0 1.4949 34 3
 702 72 1 171.0 164.0 1.4825 48 0
 703 76 0 166.0 163.5 1.3070 28 1
 704 77 1 167.5 168.5 1.2819 40 1
 705 72 0 141.0 148.5 1.3034 55 0
 706 80 0 136.0 156.0 1.1901 40 2
 707 77 0 167.5 145.0 1.2925 24 0
 708 84 1 168.0 171.0 0.8889 51 2
 709 67 0 175.0 163.5 1.1783 47 0
 710 73 0 133.0 155.5 1.5161 71 0
 711 72 1 174.5 172.0 1.3475 39 0
 712 77 1 171.5 167.0 1.4118 37 1
 713 75 0 124.0 153.0 1.2089 30 0
 714 71 0 162.0 165.0 1.2960 61 0
 715 81 1 148.0 166.5 1.1728 21 3
 716 71 1 184.0 175.0 1.1716 37 1
 717 85 0 111.5 157.0 1.2016 32 0
 718 74 0 143.0 156.0 1.2446 61 1
 719 77 0 156.0 154.0 1.1507 40 0
 720 81 1 123.5 176.8 1.2286 36 0
 721 73 0 130.0 157.5 1.4182 64 1
 722 90 1 130.5 162.5 1.2121 1000 0
 723 67 0 164.0 167.5 1.1364 42 0
 724 79 1 155.0 174.0 1.0593 61 0
 725 71 1 157.0 175.5 1.0991 49 2
 726 85 1 139.0 165.5 0.8876 48 0
 727 87 0 134.0 154.0 1.0805 31 3
 728 76 1 189.0 176.0 1.3103 50 3
 729 80 0 109.0 151.0 1.1200 19 1
 730 75 1 196.0 176.0 1.0687 76 0
 731 75 1 190.0 174.5 0.4540 30 1
 732 72 0 208.0 158.0 0.9545 51 0
 733 82 1 156.0 179.0 0.6456 32 0
 734 71 0 139.0 151.0 1.1028 57 0
 735 70 1 194.0 181.0 1.3171 45 0
